3 6 0 2
0 1 .5
0 2 .5
1 2 .5
1 0 .5
2 1 .5
2 0 .5
-->4

5 5 0 4
0 1 1
1 2 1
4 3 1
3 2 1
2 2 1
-->2


6 30 0 2
0 1 .2
0 2 .2
0 3 .2
0 4 .2
0 5 .2
1 0 .2
1 2 .2
1 3 .2
1 4 .2
1 5 .2
2 1 .2
2 0 .2
2 3 .2
2 4 .2
2 5 .2
3 1 .2
3 2 .2
3 0 .2
3 4 .2
3 5 .2
4 0 .2
4 1 .2
4 2 .2
4 3 .2
4 5 .2
5 0 .2
5 1 .2
5 2 .2
5 3 .2
5 4 .2
-->6.25

3 4 0 2
0 1 0.5
0 2 0.5
2 2 1
1 1 1
-->inf

5 7 0 2
0 1 1
1 2 1
2 0 0.5
2 3 0.5
3 4 1
4 3 0.5
4 0 0.5
-->17

10 3 2 9
8 9 0.1
8 8 0.9
9 9 1
-->inf

6 8 0 2
0 1 1
1 2 1
2 0 0.5
2 3 0.5
3 4 1
4 5 1
5 3 0.5
5 0 0.5
-->inf


10 11 9 0
0 1 1
1 2 1
2 3 1
3 4 1
4 5 1
5 6 1
6 7 1
7 8 1
8 9 1
9 9 0.5
9 0 0.5
-->54


5 7 0 1
0 1 1
1 2 0.5
1 3 0.5
1 4 0
2 4 1
3 4 1
4 4 1
-->3

5 7 0 1
0 1 1
1 2 0.4
1 3 0.4
1 4 0.2
2 4 1
3 4 1
4 4 1
-->2.8

25 625 0 1
0 0 0.04
0 1 0.04
0 2 0.04
0 3 0.04
0 4 0.04
0 5 0.04
0 6 0.04
0 7 0.04
0 8 0.04
0 9 0.04
0 10 0.04
0 11 0.04
0 12 0.04
0 13 0.04
0 14 0.04
0 15 0.04
0 16 0.04
0 17 0.04
0 18 0.04
0 19 0.04
0 20 0.04
0 21 0.04
0 22 0.04
0 23 0.04
0 24 0.04
1 0 0.04
1 1 0.04
1 2 0.04
1 3 0.04
1 4 0.04
1 5 0.04
1 6 0.04
1 7 0.04
1 8 0.04
1 9 0.04
1 10 0.04
1 11 0.04
1 12 0.04
1 13 0.04
1 14 0.04
1 15 0.04
1 16 0.04
1 17 0.04
1 18 0.04
1 19 0.04
1 20 0.04
1 21 0.04
1 22 0.04
1 23 0.04
1 24 0.04
2 0 0.04
2 1 0.04
2 2 0.04
2 3 0.04
2 4 0.04
2 5 0.04
2 6 0.04
2 7 0.04
2 8 0.04
2 9 0.04
2 10 0.04
2 11 0.04
2 12 0.04
2 13 0.04
2 14 0.04
2 15 0.04
2 16 0.04
2 17 0.04
2 18 0.04
2 19 0.04
2 20 0.04
2 21 0.04
2 22 0.04
2 23 0.04
2 24 0.04
3 0 0.04
3 1 0.04
3 2 0.04
3 3 0.04
3 4 0.04
3 5 0.04
3 6 0.04
3 7 0.04
3 8 0.04
3 9 0.04
3 10 0.04
3 11 0.04
3 12 0.04
3 13 0.04
3 14 0.04
3 15 0.04
3 16 0.04
3 17 0.04
3 18 0.04
3 19 0.04
3 20 0.04
3 21 0.04
3 22 0.04
3 23 0.04
3 24 0.04
4 0 0.04
4 1 0.04
4 2 0.04
4 3 0.04
4 4 0.04
4 5 0.04
4 6 0.04
4 7 0.04
4 8 0.04
4 9 0.04
4 10 0.04
4 11 0.04
4 12 0.04
4 13 0.04
4 14 0.04
4 15 0.04
4 16 0.04
4 17 0.04
4 18 0.04
4 19 0.04
4 20 0.04
4 21 0.04
4 22 0.04
4 23 0.04
4 24 0.04
5 0 0.04
5 1 0.04
5 2 0.04
5 3 0.04
5 4 0.04
5 5 0.04
5 6 0.04
5 7 0.04
5 8 0.04
5 9 0.04
5 10 0.04
5 11 0.04
5 12 0.04
5 13 0.04
5 14 0.04
5 15 0.04
5 16 0.04
5 17 0.04
5 18 0.04
5 19 0.04
5 20 0.04
5 21 0.04
5 22 0.04
5 23 0.04
5 24 0.04
6 0 0.04
6 1 0.04
6 2 0.04
6 3 0.04
6 4 0.04
6 5 0.04
6 6 0.04
6 7 0.04
6 8 0.04
6 9 0.04
6 10 0.04
6 11 0.04
6 12 0.04
6 13 0.04
6 14 0.04
6 15 0.04
6 16 0.04
6 17 0.04
6 18 0.04
6 19 0.04
6 20 0.04
6 21 0.04
6 22 0.04
6 23 0.04
6 24 0.04
7 0 0.04
7 1 0.04
7 2 0.04
7 3 0.04
7 4 0.04
7 5 0.04
7 6 0.04
7 7 0.04
7 8 0.04
7 9 0.04
7 10 0.04
7 11 0.04
7 12 0.04
7 13 0.04
7 14 0.04
7 15 0.04
7 16 0.04
7 17 0.04
7 18 0.04
7 19 0.04
7 20 0.04
7 21 0.04
7 22 0.04
7 23 0.04
7 24 0.04
8 0 0.04
8 1 0.04
8 2 0.04
8 3 0.04
8 4 0.04
8 5 0.04
8 6 0.04
8 7 0.04
8 8 0.04
8 9 0.04
8 10 0.04
8 11 0.04
8 12 0.04
8 13 0.04
8 14 0.04
8 15 0.04
8 16 0.04
8 17 0.04
8 18 0.04
8 19 0.04
8 20 0.04
8 21 0.04
8 22 0.04
8 23 0.04
8 24 0.04
9 0 0.04
9 1 0.04
9 2 0.04
9 3 0.04
9 4 0.04
9 5 0.04
9 6 0.04
9 7 0.04
9 8 0.04
9 9 0.04
9 10 0.04
9 11 0.04
9 12 0.04
9 13 0.04
9 14 0.04
9 15 0.04
9 16 0.04
9 17 0.04
9 18 0.04
9 19 0.04
9 20 0.04
9 21 0.04
9 22 0.04
9 23 0.04
9 24 0.04
10 0 0.04
10 1 0.04
10 2 0.04
10 3 0.04
10 4 0.04
10 5 0.04
10 6 0.04
10 7 0.04
10 8 0.04
10 9 0.04
10 10 0.04
10 11 0.04
10 12 0.04
10 13 0.04
10 14 0.04
10 15 0.04
10 16 0.04
10 17 0.04
10 18 0.04
10 19 0.04
10 20 0.04
10 21 0.04
10 22 0.04
10 23 0.04
10 24 0.04
11 0 0.04
11 1 0.04
11 2 0.04
11 3 0.04
11 4 0.04
11 5 0.04
11 6 0.04
11 7 0.04
11 8 0.04
11 9 0.04
11 10 0.04
11 11 0.04
11 12 0.04
11 13 0.04
11 14 0.04
11 15 0.04
11 16 0.04
11 17 0.04
11 18 0.04
11 19 0.04
11 20 0.04
11 21 0.04
11 22 0.04
11 23 0.04
11 24 0.04
12 0 0.04
12 1 0.04
12 2 0.04
12 3 0.04
12 4 0.04
12 5 0.04
12 6 0.04
12 7 0.04
12 8 0.04
12 9 0.04
12 10 0.04
12 11 0.04
12 12 0.04
12 13 0.04
12 14 0.04
12 15 0.04
12 16 0.04
12 17 0.04
12 18 0.04
12 19 0.04
12 20 0.04
12 21 0.04
12 22 0.04
12 23 0.04
12 24 0.04
13 0 0.04
13 1 0.04
13 2 0.04
13 3 0.04
13 4 0.04
13 5 0.04
13 6 0.04
13 7 0.04
13 8 0.04
13 9 0.04
13 10 0.04
13 11 0.04
13 12 0.04
13 13 0.04
13 14 0.04
13 15 0.04
13 16 0.04
13 17 0.04
13 18 0.04
13 19 0.04
13 20 0.04
13 21 0.04
13 22 0.04
13 23 0.04
13 24 0.04
14 0 0.04
14 1 0.04
14 2 0.04
14 3 0.04
14 4 0.04
14 5 0.04
14 6 0.04
14 7 0.04
14 8 0.04
14 9 0.04
14 10 0.04
14 11 0.04
14 12 0.04
14 13 0.04
14 14 0.04
14 15 0.04
14 16 0.04
14 17 0.04
14 18 0.04
14 19 0.04
14 20 0.04
14 21 0.04
14 22 0.04
14 23 0.04
14 24 0.04
15 0 0.04
15 1 0.04
15 2 0.04
15 3 0.04
15 4 0.04
15 5 0.04
15 6 0.04
15 7 0.04
15 8 0.04
15 9 0.04
15 10 0.04
15 11 0.04
15 12 0.04
15 13 0.04
15 14 0.04
15 15 0.04
15 16 0.04
15 17 0.04
15 18 0.04
15 19 0.04
15 20 0.04
15 21 0.04
15 22 0.04
15 23 0.04
15 24 0.04
16 0 0.04
16 1 0.04
16 2 0.04
16 3 0.04
16 4 0.04
16 5 0.04
16 6 0.04
16 7 0.04
16 8 0.04
16 9 0.04
16 10 0.04
16 11 0.04
16 12 0.04
16 13 0.04
16 14 0.04
16 15 0.04
16 16 0.04
16 17 0.04
16 18 0.04
16 19 0.04
16 20 0.04
16 21 0.04
16 22 0.04
16 23 0.04
16 24 0.04
17 0 0.04
17 1 0.04
17 2 0.04
17 3 0.04
17 4 0.04
17 5 0.04
17 6 0.04
17 7 0.04
17 8 0.04
17 9 0.04
17 10 0.04
17 11 0.04
17 12 0.04
17 13 0.04
17 14 0.04
17 15 0.04
17 16 0.04
17 17 0.04
17 18 0.04
17 19 0.04
17 20 0.04
17 21 0.04
17 22 0.04
17 23 0.04
17 24 0.04
18 0 0.04
18 1 0.04
18 2 0.04
18 3 0.04
18 4 0.04
18 5 0.04
18 6 0.04
18 7 0.04
18 8 0.04
18 9 0.04
18 10 0.04
18 11 0.04
18 12 0.04
18 13 0.04
18 14 0.04
18 15 0.04
18 16 0.04
18 17 0.04
18 18 0.04
18 19 0.04
18 20 0.04
18 21 0.04
18 22 0.04
18 23 0.04
18 24 0.04
19 0 0.04
19 1 0.04
19 2 0.04
19 3 0.04
19 4 0.04
19 5 0.04
19 6 0.04
19 7 0.04
19 8 0.04
19 9 0.04
19 10 0.04
19 11 0.04
19 12 0.04
19 13 0.04
19 14 0.04
19 15 0.04
19 16 0.04
19 17 0.04
19 18 0.04
19 19 0.04
19 20 0.04
19 21 0.04
19 22 0.04
19 23 0.04
19 24 0.04
20 0 0.04
20 1 0.04
20 2 0.04
20 3 0.04
20 4 0.04
20 5 0.04
20 6 0.04
20 7 0.04
20 8 0.04
20 9 0.04
20 10 0.04
20 11 0.04
20 12 0.04
20 13 0.04
20 14 0.04
20 15 0.04
20 16 0.04
20 17 0.04
20 18 0.04
20 19 0.04
20 20 0.04
20 21 0.04
20 22 0.04
20 23 0.04
20 24 0.04
21 0 0.04
21 1 0.04
21 2 0.04
21 3 0.04
21 4 0.04
21 5 0.04
21 6 0.04
21 7 0.04
21 8 0.04
21 9 0.04
21 10 0.04
21 11 0.04
21 12 0.04
21 13 0.04
21 14 0.04
21 15 0.04
21 16 0.04
21 17 0.04
21 18 0.04
21 19 0.04
21 20 0.04
21 21 0.04
21 22 0.04
21 23 0.04
21 24 0.04
22 0 0.04
22 1 0.04
22 2 0.04
22 3 0.04
22 4 0.04
22 5 0.04
22 6 0.04
22 7 0.04
22 8 0.04
22 9 0.04
22 10 0.04
22 11 0.04
22 12 0.04
22 13 0.04
22 14 0.04
22 15 0.04
22 16 0.04
22 17 0.04
22 18 0.04
22 19 0.04
22 20 0.04
22 21 0.04
22 22 0.04
22 23 0.04
22 24 0.04
23 0 0.04
23 1 0.04
23 2 0.04
23 3 0.04
23 4 0.04
23 5 0.04
23 6 0.04
23 7 0.04
23 8 0.04
23 9 0.04
23 10 0.04
23 11 0.04
23 12 0.04
23 13 0.04
23 14 0.04
23 15 0.04
23 16 0.04
23 17 0.04
23 18 0.04
23 19 0.04
23 20 0.04
23 21 0.04
23 22 0.04
23 23 0.04
23 24 0.04
24 0 0.04
24 1 0.04
24 2 0.04
24 3 0.04
24 4 0.04
24 5 0.04
24 6 0.04
24 7 0.04
24 8 0.04
24 9 0.04
24 10 0.04
24 11 0.04
24 12 0.04
24 13 0.04
24 14 0.04
24 15 0.04
24 16 0.04
24 17 0.04
24 18 0.04
24 19 0.04
24 20 0.04
24 21 0.04
24 22 0.04
24 23 0.04
24 24 0.04
--> 25


20 40 0 19
0 0 0.5
0 1 0.5
1 0 0.5
1 2 0.5
2 0 0.5
2 3 0.5
3 0 0.5
3 4 0.5
4 0 0.5
4 5 0.5
5 0 0.5
5 6 0.5
6 0 0.5
6 7 0.5
7 0 0.5
7 8 0.5
8 0 0.5
8 9 0.5
9 0 0.5
9 19 0.5
10 10 0.5
10 11 0.5
11 10 0.5
11 12 0.5
12 10 0.5
12 13 0.5
13 10 0.5
13 14 0.5
14 10 0.5
14 15 0.5
15 10 0.5
15 16 0.5
16 10 0.5
16 17 0.5
17 10 0.5
17 18 0.5
18 10 0.5
18 19 0.5
19 10 0.5
19 9 0.5
-->1035.7769


20 40 0 19
0 0 0.5
0 1 0.5
1 0 0.5
1 2 0.5
2 0 0.5
2 3 0.5
3 0 0.5
3 4 0.5
4 0 0.5
4 5 0.5
5 0 0.5
5 6 0.5
6 0 0.5
6 7 0.5
7 0 0.5
7 8 0.5
8 0 0.5
8 9 0.5
9 0 0.5
9 19 0.5
10 10 0.5
10 11 0.5
11 10 0.5
11 12 0.5
12 10 0.5
12 13 0.5
13 10 0.5
13 14 0.5
14 10 0.5
14 15 0.5
15 10 0.5
15 16 0.5
16 10 0.5
16 17 0.5
17 10 0.5
17 18 0.5
18 10 0.5
18 19 0.5
19 10 0.5
19 9 0.5
-->1035.7769


20 40 0 19
0 0 0.96
0 1 0.04
1 0 0.96
1 2 0.04
2 0 0.96
2 3 0.04
3 0 0.96
3 4 0.04
4 0 0.96
4 5 0.04
5 0 0.96
5 6 0.04
6 0 0.96
6 7 0.04
7 0 0.96
7 8 0.04
8 0 0.96
8 9 0.04
9 0 0.96
9 19 0.04
10 10 0.96
10 11 0.04
11 10 0.96
11 12 0.04
12 10 0.96
12 13 0.04
13 10 0.96
13 14 0.04
14 10 0.96
14 15 0.04
15 10 0.96
15 16 0.04
16 10 0.96
16 17 0.04
17 10 0.96
17 18 0.04
18 10 0.96
18 19 0.04
19 10 0.96
19 9 0.04
-->49670470445079

20 39 0 19
0 0 0.96
0 1 0.04
1 0 0.96
1 2 0.04
2 0 0.96
2 3 0.04
3 0 0.96
3 4 0.04
4 0 0.96
4 5 0.04
5 0 0.96
5 6 0.04
6 0 0.96
6 7 0.04
7 0 0.96
7 8 0.04
8 0 0.96
8 9 0.04
9 0 0.96
9 19 0.04
10 10 0.96
10 11 0.04
11 10 0.96
11 12 0.04
12 10 0.96
12 13 0.04
13 10 0.96
13 14 0.04
14 10 0.96
14 15 0.04
15 10 0.96
15 16 0.04
16 10 0.96
16 17 0.04
17 10 0.96
17 18 0.04
18 10 0.96
18 19 0.04
19 10 1
-->99340815470897


5 6 0 1
0 2 1
1 2 1
2 3 0.5
2 4 0.5
3 3 1
4 4 1
-->1

5 6 0 1
0 1 0.5
0 4 0.5
4 0 1
1 2 1
2 3 1
3 0 1
-->inf

5 6 0 2
0 1 0.5
0 4 0.5
4 0 1
1 2 1
2 3 1
3 0 1
-->4

9  10 0 2
0 1 0.5
1 2 1
2 3 1
3 4 1
4 5 1
5 0 1
0 6 0.5
6 7 1
7 8 1
8 0 1
-->12

9  10 0 3
0 1 0.5
1 2 1
2 3 1
3 4 1
4 5 1
5 0 1
0 6 0.5
6 7 1
7 8 1
8 0 1
-->inf

9  10 0 4
0 1 0.5
1 2 1
2 3 1
3 4 1
4 5 1
5 0 1
0 6 0.5
6 7 1
7 8 1
8 0 1
-->16

13 15 0 3
0 1 0.5
1 2 1
2 3 1
3 4 0.5
4 5 1
5 0 1
0 6 0.5
6 7 1
7 8 1
8 0 1
3 9 0.5
9 10 1
10 11 1
11 12 1
12 3 1
-->55.8084

13 15 2 5
0 1 0.5
1 2 1
2 3 1
3 4 0.5
4 5 1
5 0 1
0 6 0.5
6 7 1
7 8 1
8 0 1
3 9 0.5
9 10 1
10 11 1
11 12 1
12 3 1
-->56.8084

