3 54
7 78
2 81
56 99
9 77
25 98
15 91
16 92
24 92
8 66
8 90
14 58
9 73
11 73
7 58
9 58
23 79
27 86
8 98
19 100
7 79
4 90
17 68
9 61
3 70
15 90
44 98
41 84
5 91
20 74
14 67
19 96
9 97
11 84
8 91
74 99
26 89
5 71
4 65
24 85
10 100
6 62
4 93
26 94
13 71
9 98
3 93
20 84
18 83
6 86
12 99
15 82
8 93
8 56
25 95
40 61
14 85
15 91
17 83
6 77
1 49
22 63
46 88
24 85
31 92
30 93
40 95
13 59
5 89
7 91
5 78
16 96
20 77
40 91
60 89
12 55
52 89
2 37
4 95
15 72
2 44
32 95
7 83
26 80
10 97
11 54
3 66
21 71
42 88
14 90
7 50
26 95
11 95
4 99
4 91
26 97
12 76
37 88
3 87
30 64
