8 88
15 48
6 94
2 91
40 88
19 72
4 79
2 50
11 99
1 63
21 80
4 48
4 79
37 88
15 46
9 100
36 99
16 79
53 100
10 87
8 62
23 90
2 69
9 88
5 40
17 92
40 74
27 84
28 86
49 100
3 78
10 74
8 99
39 89
17 83
36 84
17 99
17 90
22 96
35 83
7 51
49 100
23 83
8 82
15 84
12 66
18 97
21 76
24 93
14 61
54 96
4 31
16 93
41 94
21 86
24 84
11 80
32 100
15 92
5 89
1 100
7 75
19 61
35 90
24 100
13 81
22 85
16 89
11 73
4 43
15 86
6 58
20 74
48 95
26 89
1 51
12 49
6 78
15 98
12 77
17 76
55 97
39 99
15 81
7 90
12 93
9 60
11 48
25 93
33 93
39 92
9 81
20 67
5 92
5 93
15 55
2 79
31 77
11 84
9 87
