1 34
22 97
26 85
6 56
4 53
27 74
36 92
31 96
7 72
7 81
43 85
13 89
13 90
23 92
3 65
12 67
3 87
34 95
55 95
11 94
42 91
16 85
9 64
24 87
31 77
2 86
6 86
3 40
27 98
11 83
14 58
41 91
11 97
33 98
37 66
14 76
25 91
13 96
24 70
18 88
54 94
27 100
29 92
8 86
25 57
18 85
2 53
2 76
27 80
20 96
20 72
3 65
2 82
5 71
30 89
24 100
3 77
12 72
6 91
12 60
7 96
10 97
11 86
9 70
3 47
15 75
38 92
25 99
32 85
2 67
3 87
4 84
16 62
17 99
15 95
41 94
23 97
8 52
9 84
3 53
10 88
2 80
58 81
3 80
24 75
7 75
7 83
6 92
2 86
23 84
39 88
47 99
1 75
15 73
14 73
18 56
5 50
24 93
14 85
17 92
