38 100
33 100
60 99
7 77
8 93
26 76
3 97
16 79
4 87
1 95
5 83
11 81
26 97
48 97
6 38
20 68
16 90
3 51
37 94
3 94
32 95
12 94
25 93
12 96
28 76
26 80
5 71
2 14
5 94
53 93
15 76
33 96
6 78
5 58
19 63
15 78
19 100
21 73
9 69
3 91
6 74
3 53
14 98
11 73
38 85
17 95
32 75
11 88
39 94
3 59
5 74
39 86
4 49
17 100
11 50
2 57
5 70
2 80
31 91
32 85
11 85
2 72
28 75
16 88
41 86
9 84
27 87
9 83
6 57
10 66
27 93
48 95
34 91
3 67
12 99
2 97
11 79
17 92
28 98
8 97
46 94
6 99
4 86
31 95
56 86
25 97
6 100
49 92
21 91
25 94
5 92
6 67
44 98
20 85
5 69
9 79
3 80
10 75
28 74
3 62
