3 59
1 96
12 97
33 96
23 64
23 85
1 73
24 92
3 80
13 80
10 94
17 95
16 92
10 82
40 84
3 90
6 54
24 83
5 62
30 98
5 68
22 94
3 85
36 87
26 78
18 100
5 79
28 94
16 88
19 95
39 95
1 71
33 100
21 60
6 59
44 99
12 70
13 89
22 99
10 88
29 89
22 100
20 97
58 94
30 79
16 79
5 89
17 95
16 92
9 71
26 85
6 95
35 96
3 86
19 82
47 83
7 81
13 66
56 94
9 100
20 82
18 96
7 83
46 99
9 61
43 93
9 67
17 67
30 78
2 88
7 94
10 96
7 57
7 91
2 89
20 55
32 85
19 75
36 88
11 74
8 67
23 86
25 90
11 64
31 72
20 73
3 81
27 100
1 43
17 88
12 51
26 88
6 71
19 89
21 97
21 98
12 97
13 52
8 47
28 86
