12 83
21 94
31 92
35 72
5 48
3 56
9 41
4 53
40 79
6 95
24 92
12 71
1 47
49 99
49 91
11 100
10 79
20 91
9 50
10 96
13 33
49 97
62 96
8 47
7 74
18 75
20 91
22 82
12 47
22 97
41 100
5 66
4 96
13 78
10 76
36 93
6 69
26 78
5 49
43 100
5 78
12 61
39 74
6 76
18 99
4 90
6 79
21 99
25 63
3 90
24 87
25 91
10 98
5 83
29 93
38 93
6 70
24 82
23 90
8 76
14 77
39 94
24 91
18 77
49 94
2 99
27 74
6 73
1 78
6 80
6 51
38 93
2 46
50 90
10 82
18 75
21 81
9 92
1 48
5 69
5 72
10 89
8 83
2 86
3 82
7 91
35 82
7 62
8 95
5 76
19 86
14 84
2 69
3 71
3 43
6 67
9 76
13 92
12 52
20 87
