47 99
12 77
26 77
3 80
6 86
4 62
43 99
36 95
7 70
18 78
17 62
40 99
14 84
44 95
45 97
34 97
9 82
1 61
5 82
14 93
36 100
24 86
16 52
26 74
42 90
1 47
5 77
4 67
14 95
46 98
44 96
35 100
1 45
34 87
2 95
12 77
17 74
27 86
56 97
32 90
16 83
30 89
10 60
6 85
2 31
16 82
27 87
15 83
4 52
1 74
39 77
20 86
3 69
17 62
6 79
12 57
6 77
21 71
14 90
9 75
2 39
5 91
28 95
1 78
8 45
7 84
23 84
22 97
33 83
29 83
51 87
20 80
8 80
15 73
41 87
19 73
4 75
27 82
7 68
22 66
50 98
16 70
21 78
29 86
9 86
2 54
2 78
14 91
17 83
67 88
2 62
9 62
11 59
36 96
4 86
2 58
30 67
12 84
7 61
43 94
