4 70
12 91
4 80
25 83
6 87
2 60
9 93
20 98
36 100
7 71
9 67
1 56
2 71
20 68
3 90
4 59
4 72
56 89
3 55
41 91
6 54
45 100
1 88
15 59
7 70
3 58
1 79
34 99
3 36
22 97
32 100
37 87
7 28
1 47
4 86
14 77
9 81
3 95
27 81
8 63
18 69
13 94
45 99
31 70
5 79
7 67
8 75
22 87
19 44
19 74
7 90
19 100
19 95
8 98
17 77
4 88
11 97
3 48
13 65
26 91
36 68
12 89
55 93
34 90
7 82
20 84
13 56
29 75
1 91
19 99
15 95
16 62
33 93
2 74
9 50
23 98
55 79
29 83
16 100
28 97
10 95
10 99
10 68
30 90
33 83
8 81
9 79
10 63
12 91
62 100
25 87
9 73
3 76
15 72
4 68
8 97
22 91
57 93
5 75
8 72
