10 58
10 85
8 90
12 86
32 96
11 87
21 76
44 82
9 85
2 70
31 100
1 73
5 78
2 53
17 47
13 64
23 99
8 34
28 97
25 67
11 44
9 67
12 81
13 68
9 74
37 68
29 90
14 78
10 86
33 79
4 66
41 85
3 43
34 98
8 95
31 98
15 82
15 86
27 100
2 86
32 91
29 95
10 64
43 99
18 57
10 52
2 99
15 47
9 89
16 88
3 66
4 86
20 79
12 61
30 73
15 77
16 80
19 93
3 51
2 91
11 71
20 92
8 93
9 66
53 94
2 78
20 69
14 79
54 91
24 98
5 96
39 95
22 84
10 81
3 83
12 95
15 91
29 82
2 61
19 74
3 64
36 84
44 88
3 59
37 90
23 91
19 99
17 89
29 85
5 86
8 76
14 81
7 88
13 48
38 96
15 82
39 94
39 100
12 95
25 89
