21 98
9 50
41 100
16 95
11 83
12 91
10 100
8 78
9 91
31 95
2 72
49 88
10 75
63 98
24 67
4 95
36 75
3 53
28 81
18 86
23 86
19 74
13 58
25 96
2 54
42 91
8 77
5 63
59 98
34 73
13 100
61 97
14 80
6 64
20 98
20 98
16 81
8 83
10 87
14 71
4 89
2 52
26 85
17 82
13 84
5 84
26 81
6 56
30 96
2 77
15 96
16 63
29 89
10 87
61 97
17 81
20 80
21 98
9 95
24 85
2 85
39 98
4 33
58 92
5 53
5 77
13 78
3 57
1 79
32 94
15 65
22 91
29 75
34 97
13 100
1 37
59 95
16 100
71 97
15 92
12 96
10 83
15 95
3 90
3 71
3 85
10 95
10 100
42 92
6 71
2 94
50 92
18 89
17 73
4 59
23 82
25 84
7 96
14 80
15 68
